     0.802      0.699      0.718      0.336     0.0599     0.0485    0.00468    0.00815      0.224       0.98     0.0008       3.57       0.95     0.0534     0.0574      0.674      0.819      0.753       1.33        0.2       3.72          2          0     0.0121      0.619      0.227          0     0.0893      0.558          0          0          0        0.5      0.795          0
     0.798       0.68      0.702      0.328     0.0552     0.0543    0.00595    0.00815      0.194      0.962     0.0008       2.49       0.95     0.0559     0.0539      0.946      0.981      0.798       1.54        0.2       3.82          2          0     0.0121      0.542      0.242          0      0.115      0.558          0          0          0        0.5      0.978          0
     0.739      0.695       0.68      0.328     0.0624     0.0473    0.00449    0.00819      0.224      0.978     0.0008       3.57       0.95     0.0531     0.0575       0.68      0.822      0.753       1.32        0.2       3.74          2          0     0.0122      0.605      0.229          0     0.0883       0.56          0          0          0        0.5      0.796          0
     0.786      0.663      0.701      0.325     0.0522     0.0586    0.00498    0.00697      0.259      0.959     0.0008       3.15       0.95     0.0534     0.0492      0.674      0.633      0.818       1.64        0.2       3.72       2.46          0     0.0119      0.427      0.109          0     0.0744      0.503          0          0          0        0.5      0.795          0
     0.803      0.647      0.693      0.321     0.0649     0.0476    0.00688    0.00815      0.163      0.879    0.00086       4.77       0.95      0.052     0.0585      0.611      0.819        0.7       1.11        0.2       4.96          2          0    0.00991      0.569       0.22          0     0.0893      0.701          0          0          0        0.5      0.795          0
     0.745      0.688      0.687      0.312     0.0538     0.0476    0.00471    0.00837      0.234       0.98    0.00078       3.41       0.95     0.0578     0.0523      0.672      0.819      0.731       1.24        0.2       4.22          2          0     0.0126      0.624      0.218          0      0.089      0.492          0          0          0        0.5      0.769          0
     0.837      0.652      0.696      0.309     0.0604     0.0472    0.00465    0.00804      0.236      0.973     0.0008       3.58      0.944     0.0543     0.0578      0.666       0.85      0.743        1.3        0.2       3.66          2          0     0.0125      0.611      0.242          0     0.0893      0.558          0          0          0        0.5      0.778          0
     0.731      0.686      0.674       0.31     0.0611     0.0504    0.00495    0.00802      0.224      0.977     0.0008       3.57      0.941      0.054     0.0552      0.674      0.816      0.763       1.35        0.2       3.72          2          0     0.0119      0.613      0.232          0     0.0887      0.538          0          0          0        0.5      0.795          0
     0.783      0.651      0.674      0.306     0.0635     0.0494    0.00452    0.00815      0.219       0.98     0.0008       3.57       0.95      0.054     0.0574      0.668      0.813      0.759       1.32        0.2       3.72       2.03          0     0.0121       0.62      0.226          0      0.089      0.559          0          0          0        0.5      0.794          0
     0.778      0.665      0.684      0.303     0.0573     0.0486    0.00455    0.00808      0.222       0.98     0.0008       3.58      0.949     0.0539     0.0573      0.675      0.816      0.753       1.33        0.2       3.77          2          0     0.0121      0.623      0.228          0     0.0892      0.562          0          0          0        0.5      0.786          0
     0.769      0.653      0.672      0.302     0.0595     0.0405     0.0052    0.00827      0.203      0.922    0.00077       3.36       0.95     0.0789     0.0527      0.659      0.819      0.687       1.03        0.2       3.76          2          0     0.0126      0.593      0.209          0     0.0949      0.474          0          0          0        0.5        0.8          0
      0.71      0.671      0.653      0.287     0.0677     0.0445    0.00543    0.00866       0.22       0.98    0.00093       2.73       0.95     0.0499     0.0629      0.727       1.03      0.685       1.32        0.2       4.03       2.92          0     0.0137      0.749      0.227          0      0.102       0.75          0          0          0        0.5      0.795          0
     0.727      0.631      0.649      0.272     0.0741     0.0692    0.00844    0.00491      0.224       0.98    0.00084       3.85      0.897     0.0526     0.0628      0.581      0.819      0.894       1.71        0.2       3.62       2.21          0     0.0128      0.578      0.231          0     0.0893      0.558          0          0          0        0.5      0.793          0
     0.731      0.619      0.631      0.268     0.0506     0.0423    0.00632     0.0069      0.187      0.913    0.00066       3.89       0.95     0.0789      0.044      0.707      0.635      0.698      0.992        0.2       3.97          2          0     0.0148       0.57      0.209          0     0.0995      0.557          0          0          0        0.5      0.621          0
     0.757      0.638      0.638      0.263     0.0695     0.0545    0.00514    0.00986      0.255      0.968    0.00072       2.87      0.943     0.0631      0.061      0.674      0.995      0.736       1.68        0.2       3.72          2          0     0.0121      0.512      0.191          0     0.0987      0.625          0          0          0        0.5      0.724          0
     0.576      0.547      0.513      0.181      0.057     0.0572     0.0116    0.00707      0.236       0.98    0.00085       3.46      0.731     0.0422     0.0421       0.73      0.819      0.591          2        0.2       4.19          2          0     0.0124      0.717      0.264          0     0.0823      0.666          0          0          0        0.5      0.795          0
     0.587      0.496      0.483      0.179     0.0697     0.0882     0.0128    0.00881      0.231       0.98    0.00093       3.64      0.639      0.051       0.05       0.47      0.784       1.14       1.39        0.2       4.69          2          0     0.0114      0.574      0.227          0     0.0933      0.533          0          0          0        0.5      0.751          0
     0.553      0.588      0.492      0.169     0.0853     0.0361    0.00848    0.00885      0.226      0.973    0.00077       3.26       0.84     0.0759     0.0591      0.676      0.751       0.53       1.03        0.2        4.5          2          0     0.0103      0.513      0.226          0     0.0949      0.575          0          0          0        0.5        0.8          0
     0.578      0.522      0.489      0.148     0.0643     0.0474    0.00894    0.00815      0.218       0.98     0.0008       3.65      0.753     0.0516     0.0496      0.674      0.834      0.753       1.22        0.2          3          2          0     0.0121      0.562      0.164          0     0.0893      0.496          0          0          0        0.5      0.766          0
      0.19       0.63      0.184     0.0923     0.0494     0.0407    0.00588    0.00896       0.18      0.937    0.00053       2.89       0.95     0.0799     0.0467      0.729      0.819      0.814      0.938        0.2       4.81       2.24          0     0.0145      0.607      0.288          0     0.0549      0.473          0          0          0        0.5      0.853          0
     0.216       0.53       0.19     0.0912     0.0433     0.0369    0.00562     0.0095      0.176      0.894    0.00068       2.89       0.95     0.0923     0.0435      0.731      0.819      0.678       1.13        0.2       4.11          2          0     0.0164      0.604      0.192          0     0.0785      0.474          0          0          0        0.5        0.8          0
     0.193      0.688       0.19     0.0909      0.049     0.0398    0.00601    0.00888       0.18      0.937    0.00053       2.89      0.948     0.0799     0.0468      0.731      0.819      0.814      0.938        0.2       4.81       2.23          0     0.0146      0.608      0.287          0     0.0549      0.474          0          0          0        0.5      0.854          0
     0.202      0.597      0.187     0.0903     0.0434     0.0348    0.00524    0.00956      0.182      0.888     0.0007        2.9       0.95     0.0923     0.0427      0.739      0.814      0.683       1.13        0.2       4.01       2.02          0     0.0166      0.596      0.192          0     0.0775      0.467          0          0          0        0.5      0.796          0
     0.221      0.482      0.189       0.09     0.0421      0.037    0.00559     0.0095      0.183      0.894     0.0006       2.81       0.95      0.093     0.0415      0.736      0.881      0.678       1.13        0.2       4.11          2          0     0.0153      0.614      0.217          0     0.0785      0.501          0          0          0        0.5        0.8          0
     0.204      0.608      0.187     0.0889     0.0486     0.0384    0.00563    0.00883      0.178      0.939    0.00053       2.91       0.95     0.0804     0.0457      0.739      0.839      0.807      0.938        0.2       4.87       2.21          0     0.0146      0.606      0.288          0     0.0557       0.47          0          0          0        0.5      0.863          0
     0.218      0.537      0.188     0.0886     0.0429     0.0309    0.00556     0.0107      0.176      0.887    0.00068       2.47       0.95     0.0935      0.043      0.767      0.821      0.678      0.877        0.2       4.11       2.19          0      0.018       0.62      0.191          0     0.0782      0.478          0          0          0        0.5       0.92          0
     0.204      0.567      0.185     0.0882     0.0498     0.0396    0.00606    0.00873      0.182      0.938    0.00053       2.88      0.943     0.0809     0.0469      0.738      0.839      0.809      0.938        0.2       4.81       2.23          0     0.0146      0.602       0.29          0     0.0557      0.478          0          0          0        0.5      0.855          0
      0.21      0.549      0.189     0.0875     0.0486     0.0361    0.00689    0.00776      0.174      0.923    0.00056       3.02      0.948     0.0704     0.0445      0.889      0.786      0.777      0.845        0.2       4.85       2.36          0     0.0137      0.583      0.305          0     0.0583      0.474          0          0          0        0.5      0.747          0
     0.213      0.538      0.184     0.0875     0.0528      0.035    0.00635     0.0095      0.153      0.887     0.0008       1.94       0.95      0.116     0.0499      0.631      0.949      0.678      0.928        0.2        4.9       2.49          0     0.0149      0.568      0.192          0     0.0785      0.504          0          0          0        0.5        0.8          0
     0.191       0.61      0.186      0.087     0.0466     0.0365    0.00553    0.00991      0.176      0.908    0.00068       2.84       0.95     0.0942     0.0456      0.723      0.819      0.648       1.14        0.2        4.1       2.04          0     0.0166       0.59      0.192          0     0.0785      0.477          0          0          0        0.5      0.807          0
     0.215      0.503      0.186     0.0867     0.0432     0.0355     0.0058    0.00932       0.18      0.894    0.00066       2.89       0.95     0.0847     0.0429      0.718      0.866      0.676       1.13        0.2       4.09          2          0     0.0161      0.552        0.2          0       0.08      0.453          0          0          0        0.5      0.807          0
     0.198      0.654      0.186     0.0866     0.0391     0.0361    0.00423     0.0107      0.166      0.954    0.00067       3.33       0.95     0.0875     0.0414      0.731      0.825      0.678        1.4        0.2       3.49          2          0     0.0192      0.652      0.167          0      0.102      0.386          0          0          0        0.5      0.875          0
      0.19      0.657      0.183     0.0868     0.0575     0.0409    0.00617    0.00992      0.176      0.913    0.00053       3.29       0.95      0.124     0.0543      0.874      0.851      0.678       1.33        0.2       4.52       2.45          0     0.0143      0.637      0.252          0     0.0804      0.474          0          0          0        0.5      0.844          0
     0.205      0.544      0.183     0.0862      0.048     0.0388    0.00569    0.00884      0.178      0.938    0.00053       2.91       0.95     0.0803     0.0456      0.737      0.835      0.806      0.937        0.2       4.87       2.21          0     0.0146      0.606      0.288          0     0.0557       0.47          0          0          0        0.5      0.862          0
     0.213      0.502      0.189     0.0855     0.0453     0.0376    0.00538     0.0095      0.175      0.894    0.00067       2.93       0.95     0.0923     0.0435      0.725      0.827      0.691       1.14        0.2       4.06       2.08          0     0.0165      0.601      0.186          0      0.078      0.473          0          0          0        0.5        0.8          0
     0.197      0.572      0.183     0.0861     0.0538      0.035    0.00572    0.00844      0.177      0.957    0.00061       2.95       0.95     0.0774     0.0501      0.627      0.807      0.735      0.878        0.2       4.61       2.42          0     0.0146      0.602      0.403          0     0.0534      0.484          0          0          0        0.5      0.997          0
     0.204      0.627      0.191     0.0852      0.046     0.0209    0.00571    0.00831      0.161      0.844    0.00068       1.99       0.95        0.1     0.0503      0.777      0.946       0.62       1.19        0.2       2.15          2          0     0.0166      0.639       0.19          0     0.0699      0.578          0          0          0        0.5          1          0
     0.192      0.623       0.18     0.0864     0.0479     0.0339    0.00579     0.0095      0.156      0.924    0.00069       3.42       0.95     0.0923     0.0458      0.804      0.758      0.659       1.13        0.2       4.14          2          0     0.0164      0.596      0.202          0     0.0764      0.396          0          0          0        0.5      0.848          0
     0.187      0.599       0.18     0.0862     0.0498       0.03    0.00646     0.0085      0.178      0.955    0.00061       2.99       0.95     0.0779     0.0489      0.639      0.796      0.745      0.858        0.2       4.64        2.5          0     0.0149      0.602      0.397          0      0.053      0.484          0          0          0        0.5          1          0
     0.194      0.537      0.178     0.0864     0.0564     0.0339     0.0065     0.0101      0.168      0.943    0.00056       2.61      0.929     0.0853     0.0525      0.731       0.77        0.8      0.788        0.2       4.73       2.23          0     0.0156      0.496      0.286          0     0.0549      0.449          0          0          0        0.5      0.854          0
     0.205      0.542      0.185     0.0855      0.041     0.0406    0.00513     0.0108      0.187      0.871     0.0006       2.89       0.95      0.093     0.0395      0.656      0.819      0.678       1.41        0.2       3.88          2          0     0.0154      0.823      0.192          0     0.0785      0.326          0          0          0        0.5        0.8          0
       0.2       0.56      0.184     0.0853     0.0373     0.0512    0.00568    0.00898      0.178      0.978    0.00045        2.8       0.95     0.0803     0.0345      0.844      0.808       1.02      0.937        0.2       4.93       2.21          0     0.0146      0.683      0.299          0     0.0557       0.49          0          0          0        0.5      0.798          0
      0.19      0.517      0.181     0.0853       0.06     0.0407    0.00706    0.00749      0.171      0.944    0.00069       2.91       0.95     0.0881     0.0557       0.58      0.911       1.03      0.674        0.2       4.87       2.21          0     0.0146      0.566      0.276          0     0.0538       0.51          0          0          0        0.5      0.938          0
     0.199      0.613      0.184     0.0848     0.0472     0.0379    0.00591    0.00874      0.175      0.937    0.00054       2.91      0.946      0.082      0.045       0.74      0.821      0.796      0.952        0.2       4.73       2.21          0     0.0146      0.607      0.292          0     0.0557      0.469          0          0          0        0.5      0.877          0
     0.204      0.501      0.183     0.0849      0.049     0.0417    0.00628     0.0073      0.178      0.929    0.00061       2.64       0.95     0.0939     0.0473      0.583      0.731      0.844      0.992        0.2       4.39          2          0     0.0174        0.6      0.449          0     0.0757      0.484          0          0          0        0.5          1          0
     0.192      0.526      0.177     0.0855     0.0441     0.0388     0.0058    0.00932      0.176      0.906    0.00074       3.01       0.95     0.0857     0.0424      0.761      0.764      0.698       1.13        0.2        4.4       2.18          0     0.0167      0.626      0.195          0     0.0789      0.474          0          0          0        0.5      0.837          0
     0.206      0.549      0.181      0.085     0.0421     0.0358    0.00558    0.00943      0.176      0.894     0.0007       2.74       0.95     0.0923     0.0416       0.73      0.819      0.666       1.13        0.2       4.08          2          0     0.0168       0.61      0.192          0     0.0748       0.46          0          0          0        0.5        0.8          0
     0.193      0.639      0.178     0.0853     0.0519     0.0403    0.00609    0.00963      0.172      0.911     0.0004       3.27       0.95     0.0803     0.0481      0.783      0.957      0.806      0.937        0.2       5.47          2          0     0.0146      0.606      0.288          0     0.0561      0.532          0          0          0        0.5      0.886          0
      0.19      0.665      0.187     0.0838     0.0518     0.0358    0.00643    0.00875      0.141      0.953    0.00053        2.9       0.95     0.0933     0.0468      0.827      0.819      0.714      0.878        0.2        4.9          2          0      0.017      0.592      0.342          0     0.0643      0.468          0          0          0        0.5      0.661          0
     0.193      0.684      0.184     0.0839     0.0506     0.0423    0.00597    0.00888       0.15      0.956    0.00053       2.71       0.95     0.0859     0.0473        0.8      0.859      0.856      0.937        0.2       4.71        2.2          0     0.0156      0.611      0.269          0     0.0582      0.398          0          0          0        0.5      0.985          0
     0.192      0.605      0.179     0.0844      0.045     0.0373    0.00584    0.00939      0.173      0.887     0.0007       2.91       0.95      0.092     0.0446      0.754      0.794       0.68       1.12        0.2       4.11          2          0     0.0167      0.568      0.192          0     0.0747      0.474          0          0          0        0.5        0.8          0
     0.197      0.526      0.179     0.0842     0.0462     0.0344    0.00585     0.0094      0.175      0.894    0.00068       2.89       0.95      0.089     0.0432      0.749      0.834      0.669       1.13        0.2       4.15          2          0     0.0163        0.6      0.192          0     0.0779      0.466          0          0          0        0.5      0.825          0
     0.209      0.495      0.182     0.0837     0.0449     0.0338    0.00569    0.00958      0.169      0.898    0.00067       2.83       0.95     0.0912     0.0436      0.731      0.802      0.663        1.1        0.2       4.11          2          0     0.0163      0.604      0.191          0     0.0791      0.473          0          0          0        0.5      0.823          0
     0.194      0.556      0.182     0.0832     0.0488     0.0421    0.00624    0.00731      0.178      0.929    0.00061       2.59       0.95     0.0929     0.0473      0.586      0.748      0.843          1        0.2       4.43          2          0     0.0175      0.618      0.444          0     0.0762       0.48          0          0          0        0.5          1          0
      0.18       0.57      0.177     0.0837     0.0548     0.0367     0.0062    0.00755      0.178      0.955    0.00057       2.81       0.95     0.0779     0.0489      0.667      0.827      0.758      0.852        0.2       5.18       2.43          0     0.0135      0.554      0.372          0     0.0509      0.484          0          0          0        0.5      0.978          0
     0.193      0.551      0.178     0.0832     0.0474     0.0461    0.00634    0.00763      0.179      0.924    0.00058       2.54       0.95     0.0915     0.0468      0.559      0.748      0.891          1        0.2       4.23          2          0     0.0163      0.638      0.457          0     0.0838      0.492          0          0          0        0.5      0.907          0
     0.203      0.522      0.182     0.0826     0.0485     0.0444    0.00621     0.0073      0.173      0.924    0.00059       2.63      0.948     0.0939     0.0458      0.578      0.749      0.856       1.02        0.2       4.39       2.05          0     0.0176      0.609      0.438          0     0.0757      0.501          0          0          0        0.5      0.972          0
     0.197      0.507      0.183     0.0814     0.0444     0.0321     0.0056    0.00925      0.179      0.894    0.00075       2.75       0.95     0.0907     0.0422      0.671      0.848      0.637       1.12        0.2       4.05          2          0     0.0164       0.65      0.205          0     0.0785      0.474          0          0          0        0.5      0.793          0
     0.197      0.486      0.175     0.0816      0.054     0.0377    0.00697    0.00729      0.174      0.957    0.00061       2.88       0.95     0.0839     0.0516      0.622      0.791      0.745      0.878        0.2       4.87        2.5          0      0.014      0.597      0.384          0     0.0508      0.455          0          0          0        0.5       0.96          0
     0.199       0.48      0.177     0.0804     0.0603     0.0427    0.00773    0.00859      0.177      0.898    0.00063        3.3       0.95     0.0874     0.0547      0.761      0.755      0.929      0.878        0.2       5.26       2.64          0     0.0146      0.707      0.403          0     0.0538      0.535          0          0          0        0.5       0.69          0
     0.199      0.516      0.179     0.0801     0.0357     0.0375    0.00531    0.00859      0.139      0.929    0.00044       2.82       0.95      0.091      0.034      0.686      0.927      0.947      0.717        0.2       4.11       2.43          0       0.01      0.604      0.272          0     0.0785      0.345          0          0          0        0.5       0.64          0
     0.194      0.569      0.177     0.0796     0.0455     0.0393     0.0053     0.0095      0.187      0.884    0.00067       2.82       0.95     0.0886     0.0414      0.764       0.83      0.705       1.21        0.2       3.98       2.06          0     0.0162      0.604      0.192          0     0.0755      0.469          0          0          0        0.5      0.802          0
     0.189      0.586      0.175     0.0795     0.0491     0.0409    0.00642    0.00765      0.177      0.929    0.00062       2.57       0.95     0.0914     0.0463      0.654      0.743      0.857       0.92        0.2       4.58          2          0     0.0173        0.6      0.446          0     0.0763      0.481          0          0          0        0.5          1          0
     0.185      0.557      0.176     0.0793     0.0482     0.0373    0.00683    0.00938      0.168      0.889    0.00053       2.89       0.95     0.0916     0.0477      0.799      0.578      0.817      0.994        0.2       3.77       2.87          0     0.0159      0.658      0.178          0     0.0678      0.498          0          0          0        0.5      0.735          0
     0.189       0.47      0.173     0.0796      0.058      0.045    0.00685    0.00758      0.203      0.913    0.00056       2.78       0.95      0.086     0.0512      0.684      0.724      0.789       1.15        0.2        5.8          2          0     0.0159      0.607      0.236          0     0.0627      0.523          0          0          0        0.5      0.716          0
     0.196      0.481      0.174     0.0791       0.05      0.024    0.00547     0.0101      0.191      0.889    0.00068       2.89       0.95     0.0796     0.0466      0.677      0.757       0.49       1.13        0.2       4.11          2          0     0.0181      0.569      0.178          0     0.0826      0.569          0          0          0        0.5      0.677          0
     0.193      0.576      0.176     0.0787     0.0549     0.0351    0.00606    0.00843      0.177      0.957    0.00061       2.96       0.95     0.0775     0.0501      0.628      0.808      0.733      0.878        0.2       4.61       2.41          0     0.0145        0.6      0.403          0     0.0534      0.485          0          0          0        0.5          1          0
     0.183       0.52      0.173     0.0787     0.0548     0.0415    0.00632    0.00928      0.168      0.937    0.00053       2.89       0.95     0.0803     0.0495       0.66      0.819      0.738       1.08        0.2       5.64       2.84          0      0.014      0.562      0.274          0     0.0549       0.48          0          0          0        0.5      0.953          0
     0.183      0.553      0.176      0.078     0.0543      0.035    0.00679    0.00802      0.169      0.957    0.00063       2.77      0.926     0.0774     0.0487       0.62      0.793       0.77      0.878        0.2       4.58       2.21          0     0.0152      0.602      0.397          0     0.0568      0.474          0          0          0        0.5          1          0
     0.194      0.615       0.18     0.0773     0.0487     0.0354     0.0055    0.00939      0.199      0.894     0.0006       2.89       0.95     0.0912     0.0459      0.834      0.724      0.732       1.11        0.2       4.07          2          0     0.0152      0.562      0.182          0     0.0785      0.465          0          0          0        0.5       0.88          0
       0.2      0.587      0.182     0.0769     0.0493     0.0229    0.00592    0.00938      0.176      0.881    0.00063       2.89       0.95     0.0657     0.0435      0.855      0.968      0.453       1.13        0.2        3.8          2          0     0.0168      0.563      0.174          0     0.0715      0.368          0          0          0        0.5      0.696          0
     0.192      0.533      0.177     0.0772     0.0549     0.0285     0.0058     0.0088      0.192      0.933    0.00053       2.68      0.948     0.0765     0.0503      0.731      0.819      0.592      0.906        0.2       4.05       2.48          0     0.0139      0.696      0.287          0     0.0527      0.616          0          0          0        0.5      0.972          0
     0.172      0.493      0.173      0.077     0.0488     0.0481    0.00721    0.00763      0.179      0.923    0.00058       2.54      0.924     0.0887      0.046      0.562       0.75      0.929       1.01        0.2       4.23          2          0     0.0164      0.642      0.466          0     0.0844       0.48          0          0          0        0.5      0.913          0
     0.189      0.577      0.178     0.0756     0.0494     0.0365    0.00554    0.00942      0.169      0.894    0.00069       2.86       0.95     0.0923     0.0451      0.746      0.832      0.696       1.13        0.2       4.01          2          0     0.0166      0.626      0.192          0     0.0804      0.474          0          0          0        0.5      0.814          0
     0.184      0.596      0.173     0.0751     0.0524     0.0368    0.00612    0.00982      0.166      0.886    0.00064       2.89      0.942     0.0979     0.0472      0.742      0.902      0.714       1.13        0.2       4.43          2          0      0.017      0.565      0.188          0     0.0775      0.474          0          0          0        0.5       0.86          0
     0.175      0.582       0.17     0.0754     0.0523     0.0269    0.00568     0.0095      0.186      0.902    0.00073        2.7       0.95     0.0923     0.0482      0.692      0.683      0.678      0.707        0.2       3.74       2.41          0     0.0185      0.645      0.201          0      0.101      0.427          0          0          0        0.5        0.8          0
     0.206      0.505      0.181     0.0739     0.0504     0.0325    0.00558    0.00948      0.176      0.895     0.0007        2.8       0.95     0.0923     0.0443      0.735      0.819      0.642       1.13        0.2       3.86       2.15          0     0.0163      0.604      0.193          0     0.0785      0.476          0          0          0        0.5       0.77          0
     0.194      0.508      0.174     0.0738     0.0394     0.0271    0.00562    0.00822      0.151      0.888    0.00061       3.89       0.95      0.104     0.0379      0.723      0.813      0.563       1.13        0.2       3.57          2          0     0.0183      0.469      0.227          0     0.0785      0.534          0          0          0        0.5      0.787          0
     0.195      0.477      0.172     0.0726     0.0517      0.042    0.00614    0.00756      0.188      0.921    0.00059       2.67       0.95     0.0914     0.0473       0.58      0.731      0.866       1.03        0.2        4.5       2.03          0      0.017       0.58      0.447          0     0.0789      0.473          0          0          0        0.5      0.983          0
     0.167      0.539      0.167     0.0726     0.0508     0.0337    0.00927    0.00841      0.179      0.903    0.00062       3.15      0.863      0.108     0.0458       0.81      0.715      0.742       0.98        0.2       4.05       2.27          0     0.0149      0.604      0.187          0      0.083      0.611          0          0          0        0.5      0.914          0
     0.168      0.429      0.162     0.0727     0.0503     0.0306    0.00957    0.00682      0.119      0.871    0.00046       2.09       0.95     0.0824     0.0456      0.716      0.577      0.686      0.937        0.2        4.5       3.18          0     0.0146      0.667      0.276          0     0.0402      0.533          0          0          0        0.5      0.755          0
     0.173      0.434      0.169     0.0719     0.0504     0.0379    0.00734     0.0072      0.194      0.939    0.00061       2.72      0.909      0.102      0.045      0.551      0.802      0.783       1.04        0.2       4.43       2.18          0     0.0175      0.611      0.444          0     0.0843        0.5          0          0          0        0.5          1          0
     0.187      0.514      0.174     0.0711     0.0482     0.0324    0.00666     0.0095      0.176      0.894    0.00068        2.8      0.916     0.0921     0.0419      0.727      0.854      0.663       1.08        0.2       4.39       2.09          0     0.0171      0.648      0.187          0     0.0765       0.43          0          0          0        0.5      0.774          0
     0.166      0.581      0.168     0.0717     0.0488     0.0361    0.00794       0.01      0.184      0.848    0.00074       3.05      0.871     0.0635     0.0435      0.815      0.699      0.712       1.29        0.2       3.81          2          0     0.0164       0.58      0.192          0     0.0481      0.431          0          0          0        0.5       0.75          0
     0.506      0.415      0.166     0.0708     0.0511     0.0392      0.011     0.0088      0.188      0.942    0.00052       2.94      0.841      0.098     0.0448      0.526          1      0.942          1        0.2       4.23       3.36          0     0.0159      0.625        0.4          0     0.0838      0.488          0          0          0        0.5          1          0
     0.166      0.549      0.165     0.0702     0.0572     0.0346    0.00661    0.00843      0.179      0.947    0.00061       2.94      0.932     0.0795     0.0489      0.636      0.821      0.745      0.862        0.2       4.64       2.41          0     0.0146      0.611      0.394          0     0.0542      0.479          0          0          0        0.5      0.974          0
      0.18      0.499      0.165     0.0701     0.0539     0.0393    0.00817    0.00931      0.182       0.92    0.00048        3.1      0.905     0.0936     0.0468      0.774      0.819      0.798       1.04        0.2       4.81       2.51          0     0.0147      0.677      0.274          0     0.0549       0.44          0          0          0        0.5      0.693          0
     0.161      0.543       0.16     0.0699     0.0541     0.0416     0.0075     0.0077      0.179      0.918    0.00059       2.55      0.905     0.0915     0.0473      0.567      0.751      0.892      0.999        0.2       4.22          2          0     0.0155      0.609      0.473          0     0.0835      0.492          0          0          0        0.5      0.883          0
     0.195      0.453      0.164     0.0691     0.0483     0.0345    0.00581    0.00881      0.171      0.906    0.00068       2.74      0.949      0.102      0.042      0.731      0.819      0.679       1.16        0.2       4.35          2          0     0.0164       0.62      0.189          0     0.0785      0.517          0          0          0        0.5      0.741          0
     0.177      0.441      0.162     0.0684     0.0483     0.0348    0.00541    0.00986      0.192      0.896    0.00065       3.14       0.95     0.0885     0.0435      0.731      0.795       0.66       1.13        0.2       4.11       2.07          0     0.0164      0.579      0.192          0     0.0893      0.378          0          0          0        0.5      0.795          0
     0.503      0.411      0.162     0.0682     0.0511     0.0404     0.0119    0.00873      0.188      0.948    0.00053       2.94      0.823      0.098     0.0441      0.522      0.976      0.974          1        0.2       4.23       3.36          0     0.0164      0.632      0.383          0     0.0823      0.494          0          0          0        0.5          1          0
     0.185      0.505      0.168     0.0673     0.0481     0.0365    0.00591       0.01      0.176      0.832    0.00076        3.1      0.939      0.106     0.0435      0.789      0.801      0.732       1.15        0.2        3.3          2          0     0.0164      0.538      0.212          0     0.0889      0.398          0          0          0        0.5        0.8          0
     0.165       0.47      0.161     0.0669     0.0496     0.0397     0.0087     0.0095      0.151      0.901    0.00068       2.05      0.828     0.0857     0.0438      0.784       0.71      0.818       1.13        0.2       3.64          2          0     0.0143      0.841      0.192          0     0.0688      0.474          0          0          0        0.5        0.8          0
     0.176      0.519      0.163     0.0664     0.0539     0.0258    0.00542     0.0112      0.151      0.887     0.0008        2.7       0.95      0.111     0.0494      0.881      0.562      0.481       1.18        0.2       3.41          2          0     0.0157      0.556      0.192          0     0.0884      0.518          0          0          0        0.5        0.8          0
     0.182      0.539       0.17     0.0656     0.0491     0.0277    0.00531     0.0121      0.176      0.829    0.00068       2.98       0.95      0.108     0.0435      0.731      0.816      0.572       1.12        0.2       3.32          2          0     0.0144       0.48      0.213          0     0.0915       0.52          0          0          0        0.5      0.817          0
     0.176      0.515      0.164     0.0662      0.057     0.0309    0.00674    0.00775      0.155      0.855    0.00078       2.82       0.95     0.0955     0.0526      0.666      0.804      0.678       1.01        0.2       3.53          2          0      0.014      0.704      0.214          0      0.069      0.481          0          0          0        0.5      0.788          0
     0.498      0.419       0.16     0.0662     0.0567     0.0405     0.0122       0.01        0.2      0.937     0.0005          3        0.8        0.1       0.05        0.5          1          1          1        0.2          4          3          0      0.015        0.7        0.4          0        0.1        0.5          0          0          0        0.5          1          0
     0.167       0.46      0.157     0.0628     0.0571     0.0382    0.00694     0.0064      0.226      0.892    0.00074       2.89       0.95      0.099     0.0473      0.576      0.922      0.678       1.13        0.2       4.79       2.45          0     0.0135      0.528      0.176          0     0.0519      0.376          0          0          0        0.5      0.814          0
     0.165      0.404      0.154      0.063       0.05     0.0338     0.0099    0.00826       0.17      0.872    0.00066       2.63      0.886     0.0923     0.0435      0.692      0.761      0.717       1.09        0.2       4.11        2.5          0      0.017      0.611      0.211          0     0.0785      0.474          0          0          0        0.5      0.809          0
     0.502      0.412      0.155     0.0627     0.0535     0.0352      0.013    0.00759      0.175      0.922    0.00064       2.55      0.886      0.104     0.0468       0.52      0.726      0.744       1.08        0.2       4.35       2.52          0     0.0166      0.757      0.445          0      0.092       0.57          0          0          0        0.5      0.842          0
     0.488       0.37      0.142     0.0638     0.0594     0.0308      0.015    0.00949      0.177      0.929    0.00066       2.51       0.84     0.0774     0.0521      0.416      0.854      0.735      0.835        0.2       5.76          3          0     0.0106       0.43      0.441          0     0.0622      0.378          0          0          0        0.5          1          0
     0.491      0.419       0.15     0.0617     0.0528     0.0391     0.0131    0.00879      0.185       0.93     0.0005       2.87      0.806     0.0937     0.0442      0.532      0.998      0.942          1        0.2       4.26        3.2          0     0.0162      0.606       0.39          0     0.0831       0.49          0          0          0        0.5          1          0
     0.165      0.474      0.152     0.0587     0.0535     0.0434    0.00659    0.00943      0.199       0.98     0.0005       2.99      0.896     0.0931     0.0475      0.506       1.03      0.963       1.08        0.2       3.84       3.36          0     0.0175      0.575      0.366          0     0.0907      0.484          0          0          0        0.5      0.943          0
     0.156      0.394      0.152     0.0556     0.0546     0.0252     0.0104    0.00787      0.136      0.866    0.00068       2.62      0.814     0.0923     0.0434      0.708      0.943      0.526       1.11        0.2       4.14          2          0     0.0168      0.594       0.16          0     0.0804      0.474          0          0          0        0.5      0.759          0
     0.487       0.41      0.144     0.0561     0.0767     0.0391      0.013    0.00731      0.159       0.98    0.00065       3.05      0.773     0.0902     0.0616      0.727       0.78      0.843          1        0.2       4.54       2.04          0     0.0175      0.653       0.67          0     0.0727      0.501          0          0          0        0.5          1          0
     0.162      0.365      0.146     0.0557     0.0611      0.034     0.0107    0.00896      0.184       0.98     0.0005       2.89      0.828     0.0799     0.0505      0.729      0.819      0.692       1.02        0.2       4.81       2.61          0     0.0174      0.557       0.27          0     0.0549      0.536          0          0          0        0.5      0.884          0
     0.149      0.532      0.141     0.0529     0.0493     0.0304    0.00643     0.0122      0.218       0.92    0.00068       2.89      0.832      0.102     0.0403      0.674      0.862      0.678       1.13        0.2        3.5       2.07          0     0.0169      0.625      0.192          0      0.078      0.489          0          0          0        0.5        0.8          0
      0.14      0.492      0.137     0.0532     0.0702     0.0454     0.0106     0.0086      0.219      0.929    0.00068       3.33      0.776     0.0588     0.0542      0.834      0.842      0.851       1.32        0.2       4.11          2          0     0.0122      0.605        0.2          0     0.0588      0.404          0          0          0        0.5      0.794          0
     0.166        0.5      0.147      0.051     0.0566     0.0357    0.00675    0.00924      0.201      0.904    0.00068       2.99      0.917     0.0923     0.0435      0.688      0.876       0.68       1.13        0.2       4.94          2          0     0.0168      0.604      0.215          0     0.0892       0.46          0          0          0        0.5      0.716          0
     0.485      0.325      0.131     0.0512     0.0543     0.0417     0.0183     0.0088      0.147      0.923    0.00054       3.13      0.744        0.1     0.0448      0.526      0.953       1.06      0.956        0.2       4.11        3.1          0     0.0152      0.638      0.361          0     0.0991      0.488          0          0          0        0.5          1          0
     0.139      0.423      0.139     0.0489     0.0638     0.0358     0.0104    0.00908      0.178      0.971    0.00052       2.78      0.791     0.0792     0.0478      0.744      0.821      0.811      0.934        0.2       4.87       2.21          0     0.0148      0.553      0.314          0     0.0539      0.469          0          0          0        0.5      0.928          0
      0.48      0.368      0.135     0.0476     0.0486     0.0312     0.0113    0.00763      0.185      0.881    0.00068       2.98      0.779     0.0754     0.0362      0.784      0.819      0.708       1.02        0.2        4.5          2          0     0.0164      0.584       0.24          0     0.0785       0.49          0          0          0        0.5      0.872          0
     0.488       0.39      0.139      0.046     0.0562     0.0297    0.00932    0.00983      0.176      0.894    0.00071       2.84      0.788     0.0866     0.0435      0.531      0.766      0.678          1        0.2       4.02          2          0     0.0161      0.599       0.21          0     0.0751      0.474          0          0          0        0.5      0.766          0
     0.484      0.348      0.137     0.0462     0.0543     0.0254     0.0102    0.00902       0.15      0.894    0.00052       2.71      0.766      0.099     0.0411      0.731      0.695      0.679      0.774        0.2       4.37          2          0     0.0164      0.621      0.192          0     0.0751      0.357          0          0          0        0.5      0.739          0
     0.467      0.369      0.119     0.0458      0.052     0.0434      0.016     0.0088      0.163      0.911    0.00056       2.67      0.841      0.076     0.0448      0.526      0.917      0.994      0.976        0.2       3.96       4.91          0     0.0159      0.677        0.4          0     0.0838      0.423          0          0          0        0.5      0.861          0
     0.464      0.391      0.119     0.0437     0.0555      0.038     0.0154    0.00962       0.19      0.899     0.0009       2.82      0.694      0.102     0.0421      0.803      0.819      0.763       1.17        0.2       4.83        3.1          0     0.0177      0.814      0.225          0       0.12      0.376          0          0          0        0.5      0.884          0
     0.471      0.285      0.111     0.0418     0.0535     0.0441      0.017     0.0111      0.153      0.941    0.00051       3.96      0.797     0.0732     0.0448      0.638          1       1.12          1        0.2       4.23       6.52          0     0.0153      0.625      0.353          0     0.0862       0.58          0          0          0        0.5      0.767          0
     0.451      0.353      0.104     0.0286     0.0712     0.0266    0.00974     0.0108      0.186      0.872    0.00068       2.49      0.762     0.0923     0.0476      0.799      0.787      0.579       1.13        0.2       4.11       2.47          0     0.0171      0.587      0.192          0     0.0716      0.537          0          0          0        0.5      0.617          0
